88595
40836
28707
158071
213759
113127
38940
145277
806
83543
37258
262115
360126
265322
53747
53794
265329
110923
25202
95948
40379
41983
148871
211091
11190
150325
53743
28021
10933
103132
107454
28022
274336
32585
53801
53740
53773
274332
158777
378799
274337
11191
10404
139356
378806
274338
378808
83327
378810
70326
166763
83321
107451
133510
24274
53764
177798
83546
29311
24146
112785
53739
53767
37231
10390
28103
117676
37266
107435
61533
210706
115882
9302
65284
13561
10944
89330
5487
220075
107440
16872
213784
10405
114705
329164
107437
17873
10393
10374
112063
112951
112914
30170
165789
10397
211630
37193
114748
114512
9540
37176
211288
30171
53760
16805
148631
18254
83545
112964
37172
37221
140829
37292
37177
220525
37226
114460
37218
172850
60346
220543
23609
16807
89331
37228
37239
37216
37225
190658
213785
169499
127774
187692
220820
65280
37174
53754
36359
18582
72356
258084
23610
72357
38639
127775
265346
99110
44932
37180
65264
10389
37175
72359
127778
80846
37281
74533
112591
10392
53772
97133
53788
38941
133338
45054
18256
11683
53757
13605
37181
449001
37460
50
213787
61260
193546
213786
74531
23307
112657
12579
61601
416984
37293
414719
314
23611
213645
205450
37286
220039
53759
127777
425
37285
67754
114192
188232
208612
52394
416987
38646
10375
311800
37277
188954
211092
220040
74532
112656
110775
283633
28287
37259
67753
416986
311842
143040
23612
37287
219469
37298
38435
73723
436
37235
213663
32489
311838
52771
47243
24156
127355
73724
63929
306088
38436
47011
67755
37256
33922
111922
53779
132767
10388
32213
213652
37196
213654
37183
272058
380722
37278
37299
34281
38437
437
73928
375087
159760
131173
134714
54295
220532
115985
37270
82718
37197
127779
67751
210888
67756
51947
3166
102932
210920
189443
215022
112435
65286
37288
40001
10402
82719
438
37215
74534
10379
53755
213669
37198
41982
381162
381165
72394
82321
52783
255511
10560
47673
9304
449224
54297
100652
37169
213668
37295
5426
105860
37233
195914
220533
37507
40003
37294
37170
220528
439
36360
72554
295
77470
16517
106691
37280
37168
37265
313463
108465
46043
3172
215100
77938
296860
8386
37291
37290
213670
9874
82720
215101
47150
53778
27213
25426
2741
9622
441
33219
89875
54301
298454
215102
20831
213634
131172
189441
39026
82721
66390
67758
19208
317022
215103
41731
47158
299218
37269
53789
5430
213642
29326
298392
211093
4188
215104
211287
142507
75876
134960
47151
9565
4213
211094
442
2921
313669
82714
215105
57566
18041
33220
8380
137099
211095
184439
41732
38903
37240
298
45048
72627
112592
82490
31698
4843
196985
188949
73369
211096
44936
18046
52782
313670
215106
68703
134961
333344
20266
15176
444
65339
2046
53742
83544
10391
2042
26798
75182
57567
18047
10465
189678
55058
3173
37241
44937
27361
77218
11895
33051
68738
77901
9572
202147
10407
53735
81569
308946
67760
82231
37385
68707
2907
299458
47152
211097
103157
530
39531
16557
39869
37243
53765
5927
4583
27362
27577
446
121738
298572
3621
8696
302
37511
1972
7667
53925
81529
188708
201040
27202
55059
44938
27478
72815
7345
5118
188851
314022
214653
13677
81531
198025
769
81562
117808
66269
65340
188709
77609
3547
81299
83552
155836
13674
50596
1015
27479
448
3421
63686
77616
418852
4653
2789
9005
213111
67764
5467
10262
23177
26592
73023
81574
78256
81576
53927
37026
195909
44939
305
217850
9979
418082
285396
38722
37033
238305
23618
314191
81573
65883
62914
18850
8484
213109
36224
55060
23178
53926
207706
112588
188947
30224
57569
8379
8363
68297
18461
28111
28165
81579
207565
37245
81577
1973
44940
449
25425
38312
403045
414961
10408
87782
8622
1981
11730
131171
309551
73436
11731
325237
4406
36588
67765
44941
25728
308942
104562
55061
89689
418854
53933
53932
25423
7369
472819
32492
18505
6605
10934
63332
220042
13552
53935
9269
78747
81580
37246
81581
1954
4482
44942
450
121742
23180
36808
279055
416781
10396
78749
53937
78751
18618
189019
804
46657
46953
56301
34418
25415
7408
44943
8356
512
139360
37250
317747
418857
418856
67766
52826
32291
28628
41876
6608
2047
314705
369
51563
46534
81582
210271
9268
37128
37961
78066
133215
96335
47153
8365
28632
76637
46537
2481
37247
25422
37297
35345
1510
45391
451
1583
92434
317749
37268
419192
419191
26297
24823
37260
56993
195860
315207
38163
3167
134971
67767
45392
307
41867
5425
41879
442956
6256
4442
195915
317748
10561
2909
41742
194886
68572
404506
54256
92950
315448
9267
161673
8803
19525
2916
3390
37667
121287
79369
98426
1955
39532
80149
8249
53744
37248
48352
13549
49000
315546
19539
5428
82723
45393
452
46538
315548
299906
279060
985
76800
4264
37273
5468
28114
13618
513
93047
25399
8582
37251
84984
82725
45394
8966
8247
8805
104006
89701
321
39274
37406
52827
315563
55775
80127
93008
1608
28712
38723
60191
53936
14645
32488
38326
63333
64174
161939
315572
5435
27358
41863
79656
52787
37173
121495
35761
80237
10409
26228
311139
300775
55681
5432
10467
82726
45395
3731
453
41733
315674
37296
4212
8968
1956
114807
10410
8248
165758
8804
46539
56726
80239
39780
93049
54372
82727
48928
80861
407
25497
37254
89704
419213
3732
3168
69321
45904
11684
54257
38629
61171
38731
315636
3751
3169
47763
19613
3148
161680
36971
38938
79967
37274
38470
61700
5437
1002
6593
10395
9270
53737
32493
3752
5433
18504
3733
455
63012
318275
80970
26266
81011
2094
4507
2774
9756
27356
8969
1979
161938
67762
196288
72836
32107
82996
81166
83285
7108
66396
81012
48943
3734
500
8357
24158
289828
419214
67768
3781
41865
38730
96088
38226
147058
11132
265
99872
161681
47218
10400
38256
3174
81374
7206
237
180401
36963
3627
40931
134594
27357
66397
48679
899
9567
2712
53940
2664
53741
154123
315776
9566
5434
23452
48944
458
80698
27206
2096
1515
10378
25602
3633
37252
8970
161682
2751
10965
67763
98283
82999
26518
36357
36809
77746
82383
2166
61649
121819
207961
158799
11646
39263
23181
419280
318300
84986
42095
1957
9980
36262
25716
14174
37955
75624
197883
7107
43492
515
2074
39523
6254
25956
25578
37194
13679
24058
74542
49424
3697
95949
39530
18035
47759
50334
68021
1894
38774
120936
6048
211098
190705
158798
459
81172
19051
3019
19542
1453
105129
2097
85436
1934
53939
9588
8971
2968
19454
8412
36013
87630
8881
39524
49189
37253
6049
211099
158800
310
6501
39543
47761
54276
233647
315923
318325
83548
42097
35970
37527
27207
9266
22967
161775
1974
696
10413
161683
67782
4466
6021
37465
202960
100451
43473
220515
82780
4025
6297
75515
36810
3175
13554
20929
49886
47760
8292
81173
839
32330
37468
53195
79661
79660
79658
37471
39923
33930
460
157209
13971
161677
89248
8290
7159
12923
9272
1940
10394
4400
86434
8882
13550
36866
210162
192844
8972
2969
161684
23467
11913
33118
51359
45772
41874
13311
36014
78060
27759
85772
2582
83012
3022
37905
89708
315965
86436
11647
41743
2772
23213
516
49887
79662
158801
311138
4599
7570
46137
25471
10578
253
61172
187513
4046
2049
39064
10182
1933
6298
11193
139844
36805
54374
86438
45771
98514
86528
18048
1958
90013
121498
4301
40934
86977
2255
37469
14652
37474
157214
1728
2788
3128
463
1953
82728
45905
68966
121747
36324
3553
77939
1547
30520
27170
8296
30525
45329
4023
49701
86980
53938
3133
8973
2970
161685
10417
98874
41887
38939
96863
254424
32165
2045
2062
49568
44680
12749
10412
84987
3023
8719
49483
27773
54158
87897
503
13342
36011
36358
89709
318328
1941
49423
43952
1891
26034
32215
18428
37483
975
1704
1937
9568
697
13813
4006
4075
7075
79190
39065
4040
10422
258391
32164
32025
67719
98608
38072
48768
20930
79678
36326
90014
138356
54607
103453
85771
4047
37487
3769
2979
73716
14876
40074
88750
1869
3134
464
74933
6390
2060
19039
6973
9617
34515
3768
2121
3795
209625
6375
3129
8982
823
161686
822
5977
3149
79682
37232
4202
96865
445940
8299
21233
79685
22956
207622
79686
82530
18513
97149
10420
38965
84988
65554
1942
3135
3024
27778
26354
79689
14880
78062
316271
317689
205280
10418
40380
88751
10419
8700
2784
2912
18457
1960
20431
12783
2440
47694
2908
2080
37488
2084
67738
67739
25919
205296
90012
90015
49266
9348
26017
3055
9569
62893
19418
14877
4028
22278
1871
3136
465
44758
84222
14646
4011
37495
177905
3130
3690
2077
3758
3291
36882
14052
788
8298
19538
16436
4634
4007
2076
211290
8986
2971
161687
8378
33064
14041
205297
316891
209603
89725
10376
10403
42789
1848
2328
56999
211293
61959
880
4190
10276
89726
9618
24062
840
3137
211292
3025
27779
311
83323
53950
14881
17746
425942
127353
445941
317783
84989
37529
20580
205299
14231
860
32247
47764
605
1939
532
13607
2935
42691
30182
73010
89727
2414
2141
11727
2904
2216
8544
13555
54725
89841
44679
112452
23154
89728
18617
16841
13553
39525
20928
27886
93200
205300
40257
9349
133217
50697
1030
297
2914
334
1077
74906
11514
10356
13987
14878
4635
1936
12982
25200
3554
3555
5230
468
95526
45907
3499
1901
3138
13612
4210
69698
78038
25411
1945
2411
23443
19615
8413
977
40388
3131
10406
836
1997
38951
4542
12
1856
37078
8987
2972
161688
14653
56626
6937
19040
84990
37496
293623
316896
10275
27541
139655
1931
11875
68972
4383
84991
1951
12786
55617
21713
3139
3026
27780
39305
4164
61958
506
121508
318340
419583
5694
2842
18150
9351
3292
450512
120935
7931
2142
4543
25665
19712
117084
54726
18082
35980
47968
10401
2174
3425
893
13015
3815
8748
4123
1860
324
49119
67734
7217
191115
19446
118797
37408
3020
1950
102315
19612
39001
54057
19393
78072
3170
20931
98428
189382
37244
9352
2001
21104
37500
1983
3395
10414
19521
593
58719
23155
9564
38431
238312
10357
57607
94955
1904
469
20932
38217
1946
26314
14389
104176
21231
921
10852
2326
10748
10416
2450
8415
35382
1978
4163
30515
5964
209595
126452
209598
96046
3754
28288
2092
145132
11836
1948
36484
8989
2973
161689
3997
135195
68973
425943
7366
26391
127457
8300
46954
47145
4882
22584
15177
3909
38071
2063
4015
38216
53951
10415
1852
10854
508
37531
67437
3027
27781
220016
320440
338
96047
84993
2415
38936
54727
73260
409430
121286
29280
135196
54258
425944
2120
1850
315
1899
1650
3653
4370
2734
6995
1805
4384
207557
4043
3304
154748
1930
1947
5231
12784
10238
21929
10411
1906
3620
100494
38640
4221
10285
139339
4686
39254
1926
842
18616
3293
120070
49287
43507
54608
320205
4214
3328
1977
8591
42690
29278
2274
4185
189383
39299
15154
3294
35981
61001
7145
60199
326
4243
209548
98284
36271
8461
16221
843
3305
60195
20235
2217
425945
35982
211556
117898
3498
470
10358
238
1990
102041
3407
329
2167
28169
7354
16190
2980
1959
2126
1849
7904
10382
84547
22517
9731
4371
19703
895
31258
20996
2750
4471
133219
2169
67990
27711
127133
188894
1418
37262
6997
139340
3816
472
8991
2974
161690
25920
14153
25414
91790
293614
254
35983
53952
48991
280
1912
6609
22988
4140
14879
54724
13823
7618
10509
536
2936
31981
18083
3429
39300
4215
3619
188888
104195
84994
3028
90610
1938
9303
2690
324616
320522
320521
52764
36957
22107
24302
187884
3324
304047
1027
2710
60188
14643
6007
55680
18151
3711
1025
440
74484
25469
102188
5016
50598
55603
2642
928
66955
50599
2451
1861
2903
16340
973
3287
26016
4035
1600
1989
1943
8297
10507
3188
2257
19390
3164
1262
9981
102713
46036
11206
5232
24329
209557
7991
31034
43929
216376
20933
37062
22405
1707
2885
312
2695
768
19392
17119
234
3926
4217
7352
7806
8294
9871
4144
80545
19426
7860
37501
2696
2282
44110
60200
28359
20925
72414
161702
15946
46140
2461
1529
3410
10582
34284
1991
48992
3059
38766
13448
109408
37413
18606
6389
1964
2891
3916
1266
1763
2293
20026
31533
897
23542
2079
9397
847
3157
2776
1982
2643
3825
2877
1961
2173
139341
118236
1415
2981
10421
104529
18692
8993
2975
161691
4396
4369
19519
12722
102525
7258
5378
16357
2135
18613
4235
13384
6752
216378
78071
8539
284
22049
2937
337
14086
50681
10508
2680
10160
23536
4234
113899
1617
8295
6804
84995
3029
27880
1935
419873
324783
15353
209767
5874
2127
74561
22109
2893
2897
7619
169665
9619
4756
1890
3153
531
41883
1026
7880
1263
490
47534
1028
2300
2314
8758
981
29344
4021
1260
10506
20924
340
10181
48030
2059
7160
18502
3974
3357
30522
195012
18778
69365
48745
3284
10180
10145
53729
3393
421916
3417
2886
37503
1877
14106
20232
10277
7365
238453
4397
12309
188858
13809
284370
290
8227
9470
47539
1839
57129
7995
25608
28024
4256
23322
22050
133220
22406
976
113902
35985
147199
1898
48746
37063
5109
3847
7852
2082
837
15957
3152
493
1838
20926
473
18779
44961
1995
33319
764
3761
35798
83547
79983
1044
289
2158
3422
2439
5881
106297
25369
20529
9605
1487
21099
1147
2010
2939
979
11728
7993
2408
2813
3652
49559
1878
7621
3496
9426
1920
58916
3755
1986
485
3132
23160
486
247
75943
24356
3603
1996
2469
35986
192006
152654
106322
100654
7370
2892
75520
35962
80918
106293
35848
106295
92432
1269
9425
8995
2976
161692
2691
3054
66308
4041
7106
10246
2689
23157
117899
9324
118798
848
7397
30503
1788
25400
188867
30483
6414
1307
1880
49050
21036
10595
995
8008
1275
106299
19704
97170
3030
12347
11209
21065
5941
514
242
5421
332524
422090
4237
2460
105078
90612
216379
2083
22108
26458
1944
137292
73259
2090
88907
84996
72655
182294
3021
48994
37065
3828
116036
35321
1804
274
2319
1985
5490
1773
3102
1274
3743
6848
793
19594
4374
10456
1531
10704
8219
488
529
2881
20865
4195
10099
4240
980
8233
12970
1261
4562
2281
58984
12785
165395
20002
1987
11121
3283
3156
1373
5997
9733
17120
112660
293624
36485
106291
4887
841
4216
3944
320
3843
17121
4192
309234
5365
8590
20234
3140
1868
4398
1925
35861
6437
212176
37203
2470
3612
38536
2887
896
7617
21100
443
2938
3400
3416
9571
21037
4100
40543
49267
68953
78823
875
2782
142282
10306
4840
15007
36974
8883
118572
7360
693
7104
770
11876
5910
2732
12381
927
475
82729
1999
238455
1265
3762
37264
127131
2682
1976
1264
1965
7597
3420
19591
2333
84583
982
7376
292
467
276
1267
2940
2175
19136
4588
25341
809
3271
798
805
2091
808
1969
14538
2396
3489
19707
1967
27993
106290
9732
11210
14650
1688
7941
18176
38429
1862
118573
8996
2977
161693
192007
6993
20934
84687
1949
8736
794
22601
4008
4193
13430
75027
2412
20691
216383
3014
84688
965
2329
6849
1103
7218
594
288
3091
2496
41705
1461
3090
35991
827
4101
104803
2170
299
4010
84997
3846
3031
755
8181
20709
419281
417418
32093
209766
13761
116289
90613
20359
3060
35989
2733
3686
772
4014
750
84689
99953
3012
2482
286
1375
1219
491
1308
51
2078
25117
799
3994
13428
2427
1309
244
8293
7620
308
4803
1272
306
283
13143
1273
2982
3892
3013
49049
102440
201416
14871
6235
58864
30222
511
9642
10596
192705
84052
2894
95419
4419
49426
20118
445008
3011
72915
13551
6499
528
40932
1924
812
233
4039
3426
281
309
2474
300
3532
1270
53785
771
2888
9908
487
282
890
4016
47550
810
3891
211015
54764
1257
15958
211559
12193
99926
3948
767
3760
2459
1511
476
118574
1486
2000
161694
8884
3763
489
3856
303
4252
2286
2471
866
1780
1609
8
294
1772
494
2896
2168
2810
317
849
1638
7244
1306
2688
236
1970
5475
1009
1963
699
2089
50665
147200
1703
20040
304
1841
2487
192008
14731
1625
49560
3515
8997
2978
212150
80196
293618
2829
766
20683
10559
216384
4841
11658
1760
330
54760
2443
11645
492
259
763
907
15184
2087
762
698
325
11877
807
811
21035
482
84998
10558
313
3032
10291
37873
1879
422507
335295
209692
90614
17122
22444
1333
279354
55144
1980
917
13557
22599
162688
4663
3995
139469
464474
3413
1120
2934
876
3745
1010
884
974
909
1971
2448
885
2472
883
1037
2475
49598
970
1314
1966
902
1014
923
1029
3893
968
1271
2942
916
1038
919
3844
3773
2425
207673
98370
38702
118575
58865
17758
1968
215551
3787
39610
2603
41888
1396
18179
4421
1171
20692
3070
2875
3618
2225
3359
894
1182
1109
1456
891
978
323
1455
889
18771
892
1131
1194
887
7298
1321
888
886
898
2889
3641
993
2098
209691
1530
30223
54529
918
25363
38428
1372
1545
2898
1326
36829
2240
3642
3639
1546
4556
26295
477
4395
1870
161695
2895
104950
3764
1452
2093
1426
1428
3643
1423
1450
1454
1434
1605
1466
1421
3640
1427
1444
1420
1429
1436
1424
1445
1442
1419
1451
1505
2088
2103
1593
16981
3637
1443
125562
1998
1606
1467
8998
2783
12655
1011
2454
83250
3996
117728
356474
279356
44775
1533
3190
67748
2430
3424
37874
1739
1740
12436
1753
67371
216385
70886
1737
3016
3302
10581
1822
1764
1377
1761
1742
1779
1731
1729
1757
1952
1671
1512
1758
1743
1752
1730
1741
3033
31525
86861
3179
99952
1905
333899
422906
2418
113564
27881
67832
41256
69163
4668
5087
147202
10162
3423
109070
2605
14766
62930
210715
3341
2661
2604
2606
2735
2617
2129
2771
2531
2790
2478
2768
2725
3069
2585
2611
2476
2785
2480
2608
2567
2566
2610
2354
3638
2586
2609
2726
3250
67805
2477
2882
3018
3644
38703
2729
11207
7347
3110
3759
3171
2662
4394
70705
124969
3631
8122
2504
3805
113877
9432
3806
2462
72669
9616
3780
2128
3483
3841
3827
3848
3326
3446
3477
2463
3622
3473
3444
3241
3449
3478
3471
3479
3482
23303
3484
5120
3960
92388
3485
3811
4124
49313
46076
3375
3765
3782
4263
4281
204862
4557
4390
4450
4282
4558
3632
161696
4480
18079
13041
41734
4486
6880
3113
4871
7033
4293
4019
3774
4286
4255
4290
4328
4291
4292
4313
4077
4020
4285
1851
4315
2464
4284
4541
4079
4312
4530
4522
28961
4283
4294
211560
4330
4314
4475
8999
3628
4859
72906
10782
4473
293619
83252
3183
6816
5498
8465
8637
6812
12071
5832
5499
5649
5652
5656
3327
5654
5474
5655
5648
5647
1750
5658
5650
1748
5651
5653
4631
7014
38704
10542
39542
7312
6985
31531
6820
16528
18576
6819
2453
6756
16608
7383
334126
426550
6473
34458
9350
27879
10797
55584
43208
8621
8401
8082
8725
112147
10613
7666
5972
9851
7883
8081
6858
6933
8560
5779
7157
7843
7150
7350
5332
8546
5436
8400
7882
3428
8390
5976
8402
7842
7844
7348
6811
8994
13014
8619
8392
8543
17777
13498
6813
238449
9639
9385
9380
36793
8083
9428
8726
11043
98371
10494
9852
210466
210761
8452
10070
9368
10299
13406
111231
204116
4274
6934
10076
10765
21743
211282
14109
135736
10954
6814
10570
10488
18480
41735
11629
10966
10435
10074
9783
9781
10040
9774
9779
9717
9800
9801
10071
10225
8990
9853
8474
8218
9850
118810
12351
9757
15885
11715
28206
41736
11044
11779
10184
83253
9820
14890
12496
12546
12618
13091
10610
12332
14759
49020
49018
49019
19130
13973
13045
20523
10553
161697
6998
10461
258394
9821
12885
11598
11045
22630
9472
9726
12433
9912
10384
10436
10437
9655
10565
10339
10226
11180
10227
22759
10243
10377
11726
10739
10609
10213
10380
9716
10338
10278
10742
10385
10381
13312
10440
14996
10844
10760
10566
10568
10600
12317
10741
14737
11834
13264
14632
19634
209687
68807
12189
18175
24824
10308
18780
11714
17160
15494
16594
9911
10335
19021
10940
10383
10650
18293
13343
19134
18864
15395
61955
12576
14588
11577
14427
12333
10459
10942
11973
14667
10761
11145
10283
10261
15237
13485
10460
12536
18578
14729
14733
12192
16996
10158
10843
10842
18624
10601
14933
10857
19561
19618
33514
14429
10799
47725
16854
431360
14222
20528
18623
18882
21942
17792
90615
18371
22756
34585
47726
67749
20547
18004
20407
12544
22739
47727
20909
23170
49983
402219
44690
21032
22241
12081
12703
12557
10353
18636
18635
15489
18631
18605
18709
21580
17883
18294
14220
16235
18629
19540
11058
10639
20813
22588
25226
20789
23514
24056
23056
22849
22507
238447
37007
10829
61956
20113
24592
12697
14952
238313
22946
47728
47729
52353
22912
21898
27832
162047
33663
29315
30141
24543
14749
12426
169810
290709
41530
120067
22287
23386
25823
15910
23495
22657
10462
20799
20851
24649
25834
20582
20114
25444
24790
23537
21900
23161
28687
22679
26229
23535
30526
12620
112594
114105
33116
30302
217820
24589
22179
27332
13344
43159
24546
10840
92509
30472
35626
29120
31417
29072
33446
29813
39637
40247
38434
39303
18016
37855
24815
47644
49314
24544
29432
37416
26806
66991
84122
39676
28533
29323
23685
26825
29060
24165
29259
33354
27317
23683
26987
29073
35867
32816
24738
33355
28431
18797
24508
28230
37344
27364
37136
28697
34028
36131
29421
34605
36355
37619
28496
36896
35977
29426
33255
32318
37723
37620
31414
38758
27334
31374
37140
23684
40249
26800
27555
46940
161698
37745
72767
39118
37859
293620
39496
33068
43139
140988
44796
27568
40081
47730
42253
45240
34025
41612
45841
23626
28900
29075
31413
37562
29650
41029
27236
27566
37154
20729
26449
23686
37722
37897
41028
37137
33702
23681
39808
37672
35715
37449
37138
29307
28225
42869
28203
90616
68970
31435
45706
35866
67229
28440
45414
35679
38081
442551
442540
46079
90390
47464
41428
24593
42342
46234
30361
46703
66452
184661
10457
47276
47025
45337
37785
84055
43118
48997
32817
49057
39699
50331
26013
109606
49619
44691
41488
37819
40756
40310
39794
40339
38040
37694
29648
42741
43525
37673
38069
41529
22562
46458
48670
27567
40651
43300
42707
37946
43558
42339
37685
40533
105168
39759
48766
33352
46832
48037
46451
48289
47170
47576
42786
37303
47731
49270
52707
51944
48882
106238
46834
25833
44692
24053
47684
44111
46014
41574
55015
41244
46312
55479
42859
22505
102427
112649
49087
55110
54435
52586
56117
54728
90391
50513
58345
56338
61113
45339
58311
59160
238309
38070
63714
49425
58033
139475
85004
309870
68969
189224
335827
55783
62115
53890
46013
52170
46011
29074
43557
47685
46829
55113
48034
41245
53889
43574
43197
54173
39761
49294
41658
48669
54438
52484
46452
49282
41568
48031
55358
54602
57150
46012
58871
61429
63122
55354
51945
49362
218963
44705
61545
55100
61141
26804
48702
66960
69069
45241
49131
46728
54676
54675
29649
54734
66338
107928
55467
67227
67451
67452
68461
44636
49892
121804
58948
120238
62285
66409
54433
52485
37898
50535
58015
50814
45842
58709
46307
48055
53984
56108
55032
55770
56951
51928
54705
62940
66414
56159
46828
59632
56094
56091
31416
61118
68551
22100
62946
67224
66410
66408
68591
66411
66491
69253
66405
61222
232975
69596
62282
60491
66693
23119
68269
54277
81034
54614
161699
54552
70167
60010
66186
66941
43310
73920
309868
209663
72651
56118
58949
54338
74206
36214
77578
74299
66203
62281
81145
70322
66523
94548
61498
67407
65565
310514
93717
112496
56849
68812
77551
50811
47957
69942
69944
71802
72940
45213
57978
66655
69943
68757
56112
69214
68035
46826
72109
43951
48065
66262
48700
51943
51935
60490
58850
56093
62948
75702
59664
69494
59117
68935
68730
74640
69165
77048
78319
78032
56842
75533
186903
94259
67217
56844
80768
56846
65601
61276
75180
80985
66449
75055
75899
74478
455926
335297
90792
80932
91454
70323
88438
238376
101474
71734
46213
80996
81386
59077
80205
258395
80763
79701
64993
84056
79659
84627
63130
89594
83920
82777
74659
75521
97305
43581
421835
10463
49278
79873
80778
47889
79114
139317
67826
68022
68031
72941
78406
64140
69484
73440
78404
49693
69496
71955
73083
76210
77479
77646
77706
78408
78798
79467
80442
82079
61962
70960
77171
59583
74663
78405
78542
73825
77471
77570
70131
77473
78398
78799
81372
101375
85561
76836
80839
44693
88953
88052
85005
84521
82233
184662
43404
29414
83929
77014
88354
56847
88441
88540
78919
71259
58646
79676
92627
80995
80607
84866
91651
80993
414420
87727
83796
85558
55703
79802
80864
82572
84493
85204
87113
89511
52606
69103
73828
84081
87625
80548
92423
72942
83124
87718
77480
83869
59035
77170
77188
79228
80838
86804
48880
68756
74628
86072
80787
91987
56116
72946
88039
81847
85557
92424
90840
90899
93345
79350
83737
88473
90667
93259
64172
84719
126798
84506
91517
87700
88348
98367
63078
97825
95300
84501
93382
84864
83295
50900
66202
90632
97545
97543
90005
89942
79419
88715
78282
85421
85424
85423
85422
81674
94929
87389
100857
83933
81846
83731
95790
91135
86414
50026
78474
85631
89216
92705
95095
95825
98217
79225
80736
84083
84872
91640
91946
94441
96775
96861
99145
63927
75989
83079
84171
85915
87717
88493
89485
90222
92161
93424
95618
97045
97945
99809
92936
106113
84873
89211
89751
79227
88041
85303
87593
88287
91626
93509
93739
77476
90388
76325
81186
99740
102561
101265
97122
175430
101287
232980
101269
102554
99889
121818
94896
92412
86445
99906
89279
161700
238306
141187
101268
90880
122767
93356
104569
90772
104591
285309
107443
38228
107724
103890
104879
238437
88731
89486
99810
184408
100437
105278
101195
95010
99116
93714
99505
100498
91420
94236
43523
92382
96918
99748
99806
82193
83868
92430
94244
95679
99962
100501
106834
92415
92836
95824
97927
100449
100557
91222
93865
101322
86670
102694
74755
83402
100443
100526
100986
103304
103906
88676
98286
103671
79226
101107
134334
90368
99951
90367
108249
107852
60003
86895
95445
96130
192815
103811
138352
108651
455928
455927
103810
82322
96788
95800
100450
90502
78796
103812
110526
103824
96787
109775
105214
112841
99092
113078
103866
114062
103276
100705
110062
107543
107200
118696
103127
139318
54551
93545
105426
79229
80837
88741
91985
95225
100517
106314
109203
67376
100040
101518
101820
104906
109948
91986
100227
104138
104878
107186
99538
104468
107474
67373
96977
101784
105875
77625
88433
104219
110467
92429
100444
110485
96113
106879
109328
106207
113658
120086
115050
115204
209662
103809
106239
20815
102551
104196
103831
116225
113656
100511
116747
91085
115660
110641
129731
113072
119364
116370
37395
93258
86870
119033
108595
103813
144637
119086
101266
90967
115932
116045
105155
114745
84701
85339
98294
105951
110049
109053
100568
107446
113631
108757
110961
183496
59825
116050
109724
117640
109356
114394
84386
100205
100403
115292
116651
116867
60901
101399
105969
106981
113292
54942
99941
106818
107835
114488
116742
84801
104949
110600
116034
96600
117029
147686
106292
119279
84705
93438
107099
115338
62680
115732
99796
120205
105191
112822
127806
207695
208344
183497
130364
118336
108093
161701
108010
108012
108011
108009
118098
118107
107476
104420
310445
120237
122567
102134
110568
110867
121108
90815
106212
109386
112151
114685
116287
116461
117731
119677
120186
120703
122606
129823
89488
100405
105075
112838
112905
113906
116871
120701
125807
130400
122864
127172
129844
91322
115908
119886
120042
120791
86517
112305
117153
117558
118782
114758
115339
105255
118906
121187
125624
101437
130234
232981
182784
130181
127138
135809
116716
131225
108438
119187
132725
208318
117151
117155
118908
135558
122890
208346
121002
86773
126581
120700
120240
111760
109869
115980
102774
111081
137937
130609
120930
134232
101267
147792
112770
107199
384634
119889
107957
118785
125917
126024
117556
120369
120445
121003
124185
126779
128635
129105
90512
110648
114967
115780
120925
129087
86721
113629
118067
127294
129384
132220
137576
120763
126034
135992
101442
112146
121377
123539
124615
127979
130452
133962
108377
134038
135202
106693
109541
120187
125896
110048
132829
130231
113134
123133
124646
113887
108820
120177
114197
126606
107974
140015
238436
139786
142153
123136
142086
119795
133690
139207
83067
123270
329402
136311
137580
147365
141588
131090
120191
120188
106060
129222
193953
124778
132770
119344
119985
129014
128952
414423
129687
137894
141616
103023
115008
115661
132754
133192
145735
145775
115917
127724
129988
130230
130250
131803
138829
139950
120236
136336
136764
138205
146401
139408
107671
125049
139800
130093
209653
148072
138844
118784
126157
145734
158315
128322
258393
158043
151345
160328
98638
136213
148233
146861
146861
146994
139221
149412
133387
145407
159365
159892
135275
124532
148416
162663
128239
132580
131540
139670
159824
176292
136601
176164
143740
163046
143558
147613
169990
167518
150955
175137
147683
153193
162802
167028
168467
172588
181834
118781
167433
146503
141806
147780
149959
166121
175309
180288
177998
152092
182215
153114
144852
136225
174533
168905
180670
166348
189638
162040
138440
147568
160124
136371
148436
165046
169425
150775
168123
169076
181354
123178
139964
147438
161793
167729
170261
175402
180211
117282
147466
168902
176518
176958
184299
174519
143099
148142
150746
167980
168395
148097
161704
175198
175457
175457
183554
119687
160220
158316
158415
174141
177092
183591
144846
175547
172957
148095
176296
140307
185732
185730
175603
175462
148036
189286
182406
110658
198230
161710
160209
187048
170120
200913
184884
190793
183216
187704
175542
175405
185317
147067
171120
165892
192723
178525
136226
117777
172518
182702
184057
165738
178884
167348
152091
60011
176599
85338
179097
174544
184840
175525
189415
147068
154073
145946
186613
174638
189639
172492
167434
170772
138754
139137
187112
171366
170191
185420
165972
173849
175536
131800
174142
168417
154689
187556
186553
175529
184153
174584
180710
181640
126177
168634
181090
146754
209628
191390
184285
189659
185825
184745
165785
186035
181089
174998
188453
146172
189545
146028
191766
171068
192314
209630
188050
188050
192247
194877
189632
170242
191653
191653
175449
175456
171121
185274
194952
181880
198246
238355
154971
175581
186257
142678
192680
196075
211227
170762
175532
187465
54550
157922
175527
143093
186099
182239
169148
193639
186072
196773
187502
171122
195110
183394
188064
126185
192732
209956
169942
227230
175543
182886
159489
387111
185762
188091
192794
191956
196023
148181
174043
191523
186515
196188
179949
173303
194106
185792
195229
167655
188412
143205
186034
176615
175432
125900
171363
193282
186184
192485
193298
195669
183492
174592
176478
185291
198395
129805
169153
184727
174143
193562
199827
194927
198714
207451
204251
188070
205331
193911
205115
206370
174318
200543
199408
148389
193270
148037
196053
191056
188073
192202
189660
100447
210806
203325
148099
186570
202156
176025
194036
175533
192442
187132
207698
191324
198380
212187
196559
184318
196259
196355
193509
198968
147147
208314
146732
132734
172155
193378
118335
195328
205376
162715
174138
198961
197441
159795
172498
185943
207573
192428
194259
200547
209839
185761
193452
203387
186220
161765
185562
193042
208360
202419
202421
184022
189446
179795
189793
209680
208756
212272
204200
210940
207567
209352
195434
202661
208513
198598
192906
132981
200859
198396
189784
184059
211114
173850
173850
209544
190907
212331
207491
210465
210811
212813
193065
188174
192637
206011
207242
205015
238403
207167
209955
198962
211616
202240
199630
205845
162032
195185
190704
202615
133975
155359
148729
258392
211882
215096
204641
206737
175362
192559
172494
192151
211841
212221
218868
178624
202261
193445
204317
207593
208450
208754
212008
192252
198675
214272
195816
204855
211936
203526
175424
187976
163711
210231
194261
209408
216995
211802
209412
211276
205485
197722
197200
165805
215726
216767
203010
198099
202267
213509
204483
200084
186908
201754
211723
212021
215920
163114
208908
151974
218851
212675
219834
217066
210324
221061
219955
200887
202256
207168
208708
211617
187276
202242
68284
209877
175596
212022
165251
211562
217886
212459
193373
213532
214710
200704
242592
189546
195663
212240
192203
211437
211522
211523
211089
205028
229508
208930
213076
212278
211934
221293
216570
185442
211994
214167
219483
211059
200355
218707
223502
219759
210272
211068
222425
214799
210864
211035
205113
204145
220848
144043
212775
175530
226816
199392
195937
211567
213329
212609
212315
202880
217632
212004
224762
218740
221119
206273
202597
201212
218383
131901
198707
227462
212009
202268
223134
220667
195713
221018
208773
220883
227164
222227
219482
109375
192152
211618
219485
216311
224720
226004
228848
199229
212005
181995
184151
226190
226561
194852
190385
207664
219952
211142
226599
258326
230295
191302
221781
217167
231887
211865
186394
211066
198098
215158
221490
221819
200589
219658
227102
219568
220632
214671
208370
204027
212146
183878
218440
219200
221726
207195
195843
212279
218708
218711
217629
183891
207932
220187
211844
220458
221126
210230
211027
218453
230764
227240
229642
210458
229165
192978
229872
190441
223407
175601
228026
230517
211311
222884
206925
227778
217239
217239
234349
238300
228407
192153
215425
226187
226191
211853
233609
234089
237588
228046
238831
233615
223517
223398
237133
199230
218971
221637
240513
239747
114706
170241
221292
231716
186180
186180
216418
216420
216417
216419
209596
228625
228109
213816
217072
229040
228275
234305
226734
234413
150246
232646
203812
217249
225631
225021
219779
230176
195845
236947
236790
235421
225022
148481
109956
109956
220688
205310
189984
129807
129807
220312
229805
226750
221062
227739
237046
234531
143694
221127
225819
228380
231474
226986
236074
234378
190254
229393
232165
237602
212003
232072
230940
227136
231971
219164
235016
241879
240459
239839
219377
240775
228259
185789
233608
227718
240778
226677
211581
198894
229947
239750
206700
206700
227231
236103
242454
239962
240592
237838
228148
241967
247086
216371
229938
227175
227775
241031
227724
239180
209764
206924
192204
192154
238995
243923
199231
212059
240273
242978
223818
218214
455737
178648
175404
236590
241093
231278
236224
218226
238988
235612
236020
238087
216310
241133
240828
235130
91205
214265
240198
199373
242737
241091
231722
218572
191323
220566
228969
230110
240366
220375
228820
217300
237834
242082
225843
239960
241264
241264
228382
241831
228350
226507
242170
248206
250117
226615
239853
241089
240811
219143
237762
246431
101994
241865
234195
181464
258390
232793
246914
231970
254374
237852
227108
251539
233319
238684
238430
215231
256543
240428
251985
256278
215618
219927
232715
238986
231647
241441
239270
333267
247819
251986
248907
234761
221736
175398
175399
227392
218215
292449
242483
256406
240583
251987
196748
235128
236510
241033
257844
218712
251666
239816
225604
226540
240346
238006
240038
242670
251547
220658
252655
234059
243981
240562
241158
236196
228255
242633
241265
227098
245531
225850
244878
241949
228898
240800
261082
221190
236612
240974
236597
228378
250802
240464
248154
223127
239974
239910
154771
249243
240499
256863
241181
259877
262384
255550
251060
174186
258081
259135
262112
259054
263322
256948
246898
194117
256155
225462
220403
232658
227393
241154
251988
249680
192155
211438
241187
233926
212060
243428
241188
251989
202250
251831
262382
259070
240287
266787
270963
240037
253628
254716
248175
254895
238640
240757
251009
249637
256114
235722
263907
267018
217660
248208
234778
237423
256528
240760
260467
145354
247417
246429
243916
264358
228254
257608
194858
226806
212186
256552
240039
250514
262505
269422
252347
239911
240838
268653
269534
273517
256660
197162
267481
240798
240799
234295
262276
175599
239923
262688
265554
264588
271304
260948
271073
234771
199228
238005
270085
267484
239924
240821
338474
192156
186447
252432
219263
257740
249246
249247
239926
275359
263808
270473
262277
270279
424944
260946
272921
226256
257369
249245
262111
262865
241335
268510
268412
266455
268165
204135
247886
245665
268320
260373
260371
269075
272475
267250
261048
256561
247841
254762
193619
267615
244900
255667
253048
274549
239646
275610
279468
255980
279469
279470
269824
279471
254788
279472
279473
279474
239912
279475
250724
231247
279713
263750
267412
264105
283522
268491
271098
216372
275479
249248
217573
274716
269906
306161
269023
274357
277106
341352
268067
285664
270294
285672
249249
202270
218713
276827
276785
274601
267658
241270
260680
253997
227263
208825
203863
335298
265372
210233
265392
237084
270175
275352
238004
170689
262939
264355
271151
265708
275371
231414
242962
260407
271724
247548
265614
276187
276412
268070
266372
273879
266794
252321
159159
272510
273877
270422
283272
227390
277518
274133
270229
283480
285513
267732
240386
285670
221295
132817
277423
279365
285517
261493
267432
217405
297745
271662
268726
256283
269235
269549
366189
283250
290591
258349
287316
220631
289215
274524
287049
274239
304835
262519
285545
288311
290387
260772
279219
302157
226218
279700
280837
278449
269090
278569
279457
266157
262943
285130
238962
284546
263771
276788
259790
277399
282564
264356
288940
239125
287615
227980
278440
266348
240835
225941
278828
278220
276051
273844
289119
256649
285109
260677
277217
273843
280380
288010
273834
260729
238815
289672
289145
277627
248665
262162
291842
283053
270060
273510
272034
255526
286123
282637
277105
289031
302137
285410
278557
291844
226223
243168
231497
304838
240559
278683
282759
292522
292940
256668
243787
274243
261805
284474
297088
226224
278658
285936
291175
302672
278768
152365
297455
291233
288937
278899
296114
277457
286238
245671
278429
286670
255191
295001
276150
266147
159690
266070
285776
240837
241112
268545
270274
272509
285093
278757
295195
262940
282762
297459
237988
271145
260619
286775
285482
289951
271687
285422
246430
285441
220445
282433
291821
284575
211993
277551
273551
266301
278670
246915
296285
277506
269918
296195
297464
297468
230914
289054
296079
291413
292764
242391
292216
296678
289856
292264
297094
288746
278661
244761
289601
266224
281305
286124
255547
303551
279087
302673
289138
277363
296129
293947
296308
303679
302549
269329
293049
294713
295884
272188
274646
278801
301479
253042
296820
291039
286967
289829
292219
297208
276792
295707
264089
269436
280678
249619
292359
292542
286650
292298
303431
285762
298451
290630
280516
299687
289910
285905
300839
276705
294202
300865
303433
295683
294288
303435
285117
297261
301476
298718
294120
303078
270139
304183
307749
292861
212610
304153
290288
303891
302136
292073
296702
304431
277727
308711
299202
277954
292238
291479
299498
296076
292222
278826
294654
293648
285879
260736
241185
291195
305511
269389
308997
286109
306993
303173
297342
285813
278202
296295
284838
292382
316108
310656
301477
291171
175600
290993
294134
339266
285759
299139
341389
312982
315772
199423
302153
318579
299427
277322
242216
281096
309869
293610
244229
291038
260770
282372
291412
301541
285901
292233
297624
297969
301469
301369
305114
292712
292970
296078
294993
295862
302418
285899
289915
292273
302076
290426
309910
297022
300685
253046
306429
296980
296659
295421
306193
241267
314312
316106
297340
266349
315773
312966
316103
299372
311600
305621
312979
301233
289131
303157
316107
310899
315133
279059
311978
301700
299934
302293
296798
307925
294137
317002
322102
291494
316796
316182
297318
368834
294991
368848
310178
305578
301462
281325
296287
316105
278898
291635
316612
285666
304150
319918
255525
295778
307924
298119
296773
293887
313924
282684
315804
321289
328140
293193
262897
252782
292527
301601
278998
306147
278031
296261
304827
278815
304065
302802
277554
315069
310950
308961
282000
316247
302797
302639
293945
314488
315456
297396
195723
279202
314447
297168
322926
303172
298698
319894
315574
295017
316104
280615
320824
296151
316607
297370
295766
269565
297344
296941
296875
297224
316795
317693
325178
321092
207461
315779
276641
366037
295918
334921
326921
320857
285424
327414
218446
327373
324788
317644
244928
331786
303399
365856
330545
318870
304087
29883
321196
189777
325638
316264
287488
303864
297254
311784
314518
299673
292969
297456
295048
308936
319252
315516
294337
292429
321407
302190
309921
325285
308558
336281
296367
327772
297954
330889
327242
330652
311615
327771
316893
316519
309753
314163
328032
325586
312227
316957
302189
309331
299709
327519
325286
327317
308588
324786
327561
294836
318541
309300
326644
318601
317615
327986
301740
317691
321387
333033
251674
324727
305058
330869
322898
331921
333745
295318
255530
237992
280654
317614
322900
243429
315490
314169
223563
324249
217285
294286
334494
294135
339533
319365
318261
325281
331031
319513
296870
325727
327055
317275
309056
323840
331033
274234
292832
329202
329909
331692
297361
309668
333349
312223
332649
306742
320851
304319
332655
319286
305390
323960
317680
330882
310687
234094
302875
289101
318602
322859
302523
341513
312723
322349
338201
325728
273485
302572
286125
218167
315898
322535
322449
303979
321117
318542
302228
306971
295090
302373
322899
338262
338261
346242
349616
349032
349033
342674
317852
271652
343710
195333
244929
340837
339694
309792
323158
309670
325585
331887
333853
335225
330973
330918
305579
311759
306559
333442
322955
322193
319739
283636
330894
331592
342672
331535
321190
325612
257991
262547
328313
345771
328356
349387
343125
337430
334495
326505
332467
296109
332117
339969
322967
339904
331164
293532
347792
340822
333623
347804
338400
311310
333598
341168
350764
320220
306190
355109
315375
338656
333716
314638
303068
339095
344740
327550
261807
320237
354780
319390
277371
341383
333260
349519
328674
211439
328195
366528
329436
331559
340842
329948
337433
208826
354247
318543
338424
286211
332261
312958
323626
344422
326868
292316
318227
347887
333158
339062
329014
354176
326870
341077
331480
350771
325097
360611
315060
323655
355114
283803
320052
328447
336458
355338
321825
307378
325982
351251
312427
363809
353805
331752
362733
338270
247182
363033
347813
305059
348335
348376
362610
364932
363309
340282
340678
250479
294752
352905
356756
373931
350362
317692
340288
315026
361384
329907
325571
345021
347782
366217
358909
366253
335579
313852
334319
324295
343656
359527
326871
353657
333176
359980
333664
310263
333448
363242
338653
351943
349465
347140
332446
345705
396444
372925
371892
353906
347953
329285
302128
329906
362997
317042
337459
355072
334498
326895
354682
351973
353266
317613
289906
332585
333624
330055
354246
365297
327606
360468
363880
351714
347818
363414
363959
380749
367727
334203
354700
331946
314366
279321
382137
339998
284510
361697
359930
340677
277369
361280
304727
361385
331489
138834
138960
139022
139324
141225
141781
127563
129007
120224
127573
131717
143751
146162
126461
144414
102140
118783
120705
123568
128885
129091
133608
141078
145912
146402
146404
145129
145667
146408
209643
107100
137063
129131
258329
138180
129960
132836
127817
109739
100448
145745
135805
129976
72266
136913
147364
159291
162747
154112
139663
124341
147359
129246
128801
137062
149983
116901
140634
145781
94040
137722
149993
162792
131891
135816
138210
139830
145457
153140
159269
114968
119394
146104
147036
153214
155281
142990
146611
148726
134390
152567
117601
148241
146093
160210
162799
160674
7707
148226
139046
144620
148100
159826
168898
144465
111761
279478
148846
164649
173691
167386
156734
136603
136600
136602
149257
161449
174504
149078
177302
162782
150490
168204
168559
146737
100858
144650
148361
160271
169917
175433
134204
137693
140001
147085
167235
133403
142812
132212
155778
168468
138053
142758
144357
159661
169274
145355
165829
175468
106264
144843
148281
155704
141799
145908
171297
143753
163447
170044
175410
161845
186594
175451
131427
159335
174769
180284
186518
106329
205737
140020
175254
177664
148098
148096
181439
153195
156731
174147
175460
185176
199270
185837
162771
211023
180172
126173
182342
185001
165553
175568
182341
284524
381386
328197
277037
367726
347888
303126
349442
345805
341657
335502
379753
375531
373710
343106
316131
371546
315745
366522
253047
324728
326869
303195
366793
298477
349084
342200
375817
356774
371396
339326
293008
330057
357754
352336
364450
335389
322130
375511
354414
345649
375571
326874
354146
364845
349388
368617
192976
387818
348538
342673
359985
384635
375977
382852
368816
385928
331479
381212
381157
382346
348666
338371
333258
262898
392661
351713
286126
386549
366566
379789
339916
365705
381384
386475
332133
379456
356658
317694
375216
374228
386628
358803
286127
317376
396443
350224
351375
344874
396487
309311
350756
390312
345980
381839
331652
376349
365706
362575
368456
361110
290980
363600
315744
361095
353605
383631
359177
349317
389450
375913
373267
329114
321885
331445
376565
371842
375735
366695
368829
373712
349441
362479
378860
386469
236657
328609
318869
341163
340188
391672
364468
374563
395537
400601
348128
302286
388981
348699
363263
351712
361290
356793
398762
354190
338802
385541
395489
331751
320493
381841
355004
374947
363042
363041
380506
351253
398151
390227
386563
400914
312314
270739
289944
350185
376708
381842
362577
385411
356670
387346
389474
383649
394570
371890
411248
363026
354042
402223
363308
355802
320839
346425
395714
376137
390618
393217
392349
379687
403379
351373
396988
373390
403020
296739
294875
360345
374319
378862
388993
268449
401786
366250
360783
381793
364822
330054
393238
349389
376399
330334
366165
405659
366507
359059
357210
388170
341148
355342
374206
401960
338150
411246
302766
377556
402659
390239
395782
368116
403671
358724
384280
356413
343996
318599
410166
404427
363801
346982
408935
389202
402370
409323
338655
419847
376008
390395
353792
376739
414969
426617
408720
425590
425464
422759
362335
352185
425936
390873
381666
376703
399820
377769
402935
379442
390712
354421
394784
413786
375816
368289
408144
402136
409088
378101
394260
323651
369768
404804
357961
385209
398943
395684
387803
418484
407713
365437
415587
377607
394746
379639
397025
428815
297555
363101
355798
388067
349039
325808
386809
325673
373833
426044
369794
414597
366331
408013
394997
389571
407659
411247
426274
403238
389998
380448
425211
422505
383525
244930
426154
424818
407515
425989
283666
348663
412300
414510
396302
405679
425607
385455
428735
389772
331759
425986
411244
408883
402656
443686
425604
425236
333979
384672
410203
414461
373247
404643
392973
369304
363102
406160
369784
401301
405198
347942
376433
377125
425916
362006
380582
412916
350523
390794
426815
376106
426531
406171
425992
415182
424509
400215
408351
406307
402835
403741
416019
425591
387822
349319
432751
428418
401970
425969
401783
403225
402128
441233
349222
414753
446249
437502
386195
420047
410418
400602
427233
409350
386947
411106
451858
403631
374648
364252
406736
340167
422699
407332
420628
400551
398922
432651
424453
390980
425638
416534
320456
362255
451559
408361
443147
404284
348220
358728
426049
397808
418512
452511
363569
414214
400114
421643
380792
412164
403722
419846
427329
404115
453630
326867
411426
362005
424379
451556
419728
373787
425601
406180
413741
410928
425990
435926
427568
289907
353819
418599
400595
444634
418494
385210
422425
411268
368833
442523
398949
424892
424372
411427
448114
217021
421174
467909
414590
309807
434818
289102
208827
425606
415779
402745
463539
360121
402754
402742
453313
453179
468115
422154
460305
349223
433729
373266
443112
406119
406628
391117
424663
415772
425910
431839
409441
393038
350235
425595
357962
437206
444334
403503
411450
458047
450695
426156
365572
346426
441795
378298
456042
378797
445708
449725
269545
455355
438187
407697
436745
425129
465694
390353
414866
445836
441084
440878
413635
422153
421677
395378
396595
443493
469072
469437
467083
454505
420084
469436
446475
471792
467955
467784
476718
448655
465348
457945
283643
425909
434144
407234
468758
426947
405785
471926
431767
342667
449562
394623
459725
455981
411276
404809
365952
444403
442176
410939
414987
411974
461338
472386
407133
389466
439850
391866
415166
462608
456619
464563
382584
405660
455345
467919
364522
433072
444339
357960
416777
372010
455835
425978
341311
471769
444049
448478
479921
406251
441586
312297
460503
444557
407573
484191
425222
480437
442559
473805
425587
441939
457956
491923
472554
465884
484761
463389
478684
450586
424853
477207
424883
427059
425890
467243
446615
444046
475367
467811
391496
475354
416320
445722
351349
443931
448613
397604
393037
464561
425988
428823
464376
474906
470874
410346
446175
424573
499038
440879
349093
394996
490824
485122
406472
488197
479477
476418
477204
408195
475555
383251
475933
482776
37167
67779
67780
67781
45624
364866
419426
425994
457070
360256
422904
426239
425290
361352
366257
455630
469288
284235
469357
491290
485154
495562
486096
500557
469400
474905
443428
442673
446618
486083
497620
498178
481662
844
102313
418493
341141
411428
337586
444359
448879
212084
279813
379605
415728
448657
507433
500855
404480
471839
467641
445821
463778
470045
400576
437532
408896
467461
426123
387746
443676
470777
431370
467616
484981
460306
432597
449567
424680
470294
494302
505895
486345
460657
472673
491151
501737
265391
425991
355803
474801
457326
454787
235634
451426
480716
320215
476969
425998
439197
489820
470599
429305
513375
459435
486102
457991
476129
451119
470775
78049
120018
382
318293
5229
5233
5234
5235
330394
410936
410938
228715
432583
425605
426124
464961
467803
456164
464594
454630
487684
472331
389156
470738
347863
514693
483362
484624
482823
513939
443929
518519
85210
186160
186161
289945
420442
394621
471804
366256
518603
513948
492951
497924
509169
208760
11189
425950
53752
147869
190747
87750
177805
257831
13871
220026
188999
25921
37178
220036
188948
527817
190434
187189
127194
309128
207987
106359
116754
73930
501771
220082
85367
25420
192783
79790
300356
188950
39567
38966
84592
75942
98053
442368
109271
53728
112590
56995
77247
442367
89879
442688
37509
487091
77219
487095
211445
285379
103182
112664
37505
112593
100651
53934
140974
53736
37184
18063
89696
79981
315429
20961
315430
315445
315559
315561
306574
315673
37407
34457
18668
16521
78088
104017
195912
78055
38433
49277
9002
490433
425951
5491
20862
421004
421833
227563
316272
4024
112445
317771
348822
2794
500826
504455
316629
316096
316640
316761
316755
316818
112451
500827
161940
351559
2299
112448
133675
133676
120069
426112
85247
89880
85248
43386
473525
3744
85249
414478
495667
208315
9001
473526
7963
7964
7573
484352
9751
14959
14763
28110
402220
31418
41864
189517
121817
99859
208317
108417
241479
458511
114391
127175
137436
133691
259626
241477
168466
134261
461949
190589
122772
407237
193932
186395
179798
192589
184316
212017
241476
407238
190910
484249
225156
210486
217689
230912
232884
219274
241475
239840
227721
253922
232657
253250
241418
236163
226807
241186
301776
242617
303877
229795
274256
282591
277150
279048
407239
241044
282971
282233
29413
279541
286490
303878
526852
289310
302363
292052
204623
301779
301799
294059
302669
295615
294895
302738
302767
302365
303880
301809
310150
318411
297225
314242
317337
407236
296309
328582
305411
529232
309170
332570
331935
324285
331306
485725
365094
481870
335036
358514
350854
411969
529234
320236
390859
391706
395810
406197
324720
405990
406172
529235
400776
375541
515300
431933
458110
457995
486268
432044
454887
473811
488262
465773
375425
456251
467732
484835
529238
485354
476412
429644
488960
481869
472620
452432
407409
476808
376448
480441
388469
490781
495674
387972
289854
481410
501203
487318
505080
526102
501859
515201
358801
473412
481865
341139
492352
506773
454684
430699
472661
463205
503268
496617
471793
501023
479922
358565
473497
482301
500356
486347
445827
481649
424454
474999
514744
498934
371829
493758
504591
486039
455626
465094
482708
482719
491915
508588
504710
501033
494267
501205
507581
471578
443930
484952
425355
447954
511126
479788
440880
500840
487630
525733
497909
485469
531834
532061
526223
464593
488177
485782
526429
443831
529580
510728
526104
184498
74535
511876
53898
511877
66391
66393
188450
499293
525133
66394
1836
1759
212153
453122
295473
424945
338372
377649
427360
489577
436738
486676
486571
441447
449154
469483
409576
459642
452627
442614
485315
508708
501937
481866
517532
536694
404753
528439
396229
524801
501702
491569
526816
364844
506672
511207
441888
409682
506258
520645
484402
526043
499140
499169
524365
437593
363957
509986
516227
395493
506407
509297
525642
504678
518090
514997
520672
502875
382126
506922
524123
480545
520559
442128
511264
488460
529995
445826
493813
502036
531159
446296
544082
528088
526567
485936
545695
495633
405224
520284
504950
492881
544872
405212
501626
529143
512817
529240
501919
513018
541942
501198
529078
530309
534568
523889
386728
541037
547873
549657
504054
23447
102447
67771
77940
310062
299156
317785
49063
417387
417396
417398
189918
3325
102797
330864
177249
387141
375671
469877
335390
485868
556307
469033
476683
487209
505378
486663
541423
507122
555332
547832
473413
521593
527620
555830
557430
514358
528831
506677
467930
515880
502272
512190
510256
529431
398951
505793
499656
484623
524289
531344
501844
475032
505782
413567
493546
406857
531945
528147
530115
498947
404909
509062
497881
509216
513345
481745
502142
508003
536363
541945
501614
548940
455617
524707
505303
524593
455454
528438
440173
546442
532403
476542
496086
500825
496973
523426
390555
440881
565325
544967
477825
537894
519956
560988
515418
459616
503450
504524
524005
492199
545328
531576
441670
408467
559674
497923
519958
509290
562793
532378
74199
313517
34227
313516
66376
74218
66395
9387
38422
36973
1607
68748
62422
68740
68741
178662
224476
217139
264127
262889
270505
282692
294820
309002
337274
348384
411977
411278
443179
461311
556309
473769
480096
480882
486477
473832
500060
473833
510788
510789
456165
505776
515392
515422
505488
529199
507115
443168
441940
558831
548858
489499
244931
471868
461307
507943
509599
514353
565400
564314
442114
533246
568136
541539
556075
502408
566600
580872
524986
470660
481530
496135
458125
509355
285757
530290
529966
524195
326859
545842
503303
520842
486311
480832
532940
513348
462459
533442
476323
498378
542777
424242
536711
465803
581598
553106
475663
537904
458673
425208
536102
544104
529694
542203
570330
539341
525660
460183
536878
507634
520698
507078
539395
529006
576047
526448
564421
405272
508958
543189
408897
545499
516604
541547
434807
492722
13603
530377
579701
588026
540449
518413
573897
582915
535897
564980
582324
247977
221021
585457
588612
583974
592283
352777
600439
464293
473414
554518
512792
582501
512793
580762
548558
565802
352153
506120
544624
541336
515759
548818
564175
443106
486054
562430
565416
544109
523141
597809
549654
525816
493016
526979
556874
540031
534674
494564
510753
543772
445905
565444
568174
520642
583728
443446
472741
591584
525565
554013
426100
495531
522370
525946
544106
522414
531724
544372
557531
528434
555445
498791
517561
548189
615739
576343
583313
558296
584833
486763
548195
555772
567417
502876
530110
517057
513361
601763
567362
618795
587454
617197
611089
320218
604826
611077
524128
540453
